-88.0
-113.0
-89.0
-144.0
-156.0
-148.0
-91.0
-87.0
-142.0
-156.0
-111.0
-142.0
-140.0
-114.0
-93.0
-112.0
-142.0
-156.0
-112.0
-155.0
-115.0
-89.0
-94.0
-148.0
-143.0
-142.0
-92.0
-96.0
-130.0
-109.0
-150.0
-87.0
-95.0
-90.0
-155.0
-90.0
-111.0
-156.0
-156.0
-142.0
-142.0
-142.0
-156.0
-112.0
-142.0
-96.0
-156.0
-150.0
-84.0
-112.0
-111.0
-146.0
-112.0
-95.0
-155.0
-155.0
-155.0
-113.0
-141.0
-146.0
-89.0
-157.0
-112.0
-155.0
-114.0
-141.0
-142.0
-156.0
-156.0
-104.0
-88.0
-141.0
-90.0
-112.0
-91.0
-104.0
-85.0
-144.0
-155.0
-86.0
-92.0
-142.0
-144.0
-92.0
-150.0
-121.0
-104.0
-155.0
-106.0
-141.0
-156.0
-94.0
-86.0
-155.0
-142.0
-89.0
-156.0
-85.0
-93.0
-112.0
-96.0
-102.0
-98.0
-153.0
-153.0
-156.0
-88.0
-87.0
-112.0
-112.0
-142.0
-150.0
-149.0
-156.0
-142.0
-86.0
-156.0
-153.0
-84.0
-84.0
-99.0
-149.0
-105.0
-88.0
-141.0
-163.0
-158.0
-91.0
-152.0
-112.0
-96.0
-160.0
-156.0
-162.0
-163.0
-141.0
-88.0
-99.0
-163.0
-89.0
-142.0
-101.0
-169.0
-100.0
-143.0
-99.0
-87.0
-84.0
-139.0
-162.0
-158.0
-167.0
-143.0
-112.0
-84.0
-149.0
-85.0
-152.0
-158.0
-140.0
-154.0
-140.0
-158.0
-150.0
-141.0
-156.0
-153.0
-158.0
-153.0
-162.0
-149.0
-112.0
-164.0
-85.0
-98.0
-112.0
-85.0
-92.0
-104.0
-153.0
-87.0
-84.0
-88.0
-88.0
-84.0
-87.0
-141.0
-153.0
-152.0
-160.0
-167.0
-142.0
-154.0
-112.0
-113.0
-84.0
-106.0
-102.0
-143.0
-153.0
