-142.0
-142.0
-193.0
-139.0
-197.0
-178.0
-178.0
-185.0
-139.0
-179.0
-158.0
-185.0
-179.0
-146.0
-149.0
-139.0
-142.0
-134.0
-178.0
-128.0
-179.0
-158.0
-127.0
-137.0
-134.0
-133.0
-160.0
-128.0
-133.0
-129.0
-147.0
-193.0
-185.0
-133.0
-184.0
-145.0
-145.0
-142.0
-178.0
-141.0
-182.0
-137.0
-142.0
-133.0
-131.0
-128.0
-182.0
-132.0
-132.0
-179.0
-191.0
-134.0
-152.0
-133.0
-185.0
-192.0
-139.0
-128.0
-134.0
-178.0
-133.0
-127.0
-195.0
-179.0
-185.0
-132.0
-179.0
-141.0
-153.0
-193.0
-132.0
-178.0
-133.0
-133.0
-147.0
-147.0
-139.0
-196.0
-191.0
-175.0
-152.0
-148.0
-132.0
-133.0
-180.0
-141.0
-128.0
-147.0
-159.0
-185.0
-155.0
-194.0
-137.0
-134.0
-152.0
-185.0
-144.0
-147.0
-139.0
-137.0
