[-0.52729063 -0.00097966]
[-0.5292426  -0.00195197]
[-0.53115224 -0.00190964]
[-0.53300524 -0.001853  ]
[-0.5337877  -0.00078246]
[-5.33493754e-01  2.93946585e-04]
[-0.53212561  0.00136815]
[-0.53069351  0.00143209]
[-0.52920821  0.0014853 ]
[-5.28680847e-01  5.27367595e-04]
[-5.29115365e-01 -4.34518346e-04]
[-0.52850851  0.00060685]
[-0.52686484  0.00164368]
[-0.52519666  0.00166817]
[-0.52351651  0.00168016]
[-0.52283697  0.00067954]
[-5.23163147e-01 -3.26175476e-04]
[-0.52449259 -0.00132944]
[-5.24815329e-01 -3.22739096e-04]
[-0.52412894  0.00068639]
[-0.52343858  0.00069036]
[-0.52274942  0.00068916]
[-0.52106663  0.00168279]
[-0.51840283  0.0026638 ]
[-0.516778    0.00162483]
[-0.51620432  0.00057368]
[-0.5156861   0.00051822]
[-5.15227214e-01  4.58885264e-04]
[-0.51383111  0.00139611]
[-0.51150825  0.00232286]
[-0.50827605  0.0032322 ]
[-0.50415873  0.00411732]
[-0.50018713  0.0039716 ]
[-0.49639097  0.00379616]
[-0.49379865  0.00259233]
[-0.49242952  0.00136912]
[-4.92293829e-01  1.35694193e-04]
[-0.49139258  0.00090125]
[-0.4897325   0.00166008]
[-0.48832598  0.00140652]
[-0.48718351  0.00114247]
[-4.87313610e-01 -1.30103275e-04]
[-0.48871531 -0.0014017 ]
[-0.49137817 -0.00266285]
[-0.4942823  -0.00290413]
[-0.49740602 -0.00312372]
[-0.49972599 -0.00231997]
[-0.50122485 -0.00149886]
[-0.50189138 -0.00066654]
[-0.50372061 -0.00182923]
[-0.50669884 -0.00297823]
[-0.50980376 -0.00310492]
[-0.51301211 -0.00320835]
[-0.51729985 -0.00428774]
[-0.52263483 -0.00533498]
[-0.52697704 -0.00434221]
[-0.53029391 -0.00331687]
[-0.53456058 -0.00426666]
[-0.53974504 -0.00518446]
[-0.54580845 -0.00606341]
[-0.55270542 -0.00689696]
[-0.55938436 -0.00667894]
[-0.56579543 -0.00641107]
[-0.57189086 -0.00609544]
[-0.57862537 -0.00673451]
[-0.58594905 -0.00732368]
[-0.59380783 -0.00785878]
[-0.60214393 -0.00833609]
[-0.60889637 -0.00675244]
[-0.61401604 -0.00511967]
[-0.61846586 -0.00444983]
[-0.62221375 -0.00374789]
[-0.62623277 -0.00401902]
[-0.63049414 -0.00426137]
[-0.63296746 -0.00247332]
[-0.63363516 -0.0006677 ]
[-6.33492488e-01  1.42668896e-04]
[-0.63254047  0.00095202]
[-0.63178585  0.00075462]
[-6.312340e-01  5.518491e-04]
[-0.62888884  0.00234516]
[-0.62476708  0.00412177]
[-0.61889814  0.00586893]
[-0.61232416  0.00657398]
[-0.60509257  0.00723159]
[-0.59625584  0.00883673]
[-0.58587849  0.01037735]
[-0.57603676  0.00984173]
[-0.56680336  0.0092334 ]
[-0.55724684  0.00955653]
[-0.54643838  0.01080846]
[-0.53445876  0.01197962]
[-0.5223977   0.01206106]
[-0.50934565  0.01305205]
[-0.49540047  0.01394518]
[-0.48066652  0.01473395]
[-0.46525368  0.01541285]
[-0.45027619  0.01497749]
[-0.4358442   0.01443199]
[-0.42106279  0.01478141]
[-0.40803833  0.01302446]
[-0.39686331  0.01117501]
[-0.38561608  0.01124723]
[-0.37437441  0.01124167]
[-0.36421492  0.01015949]
[-0.35520578  0.00900915]
[-0.34740654  0.00779924]
[-0.33986807  0.00753847]
[-0.33263885  0.00722922]
[-0.32776477  0.00487408]
[-0.3252764   0.00248837]
[-0.32418923  0.00108717]
[-3.24510013e-01 -3.20781805e-04]
[-0.32523676 -0.00072674]
[-0.32636495 -0.00112819]
[-0.32988757 -0.00352263]
[-0.33578263 -0.00589506]
[-0.34401295 -0.00823032]
[-0.35352594 -0.00951299]
[-0.36425986 -0.01073391]
[-0.37714382 -0.01288396]
[-0.39209119 -0.01494737]
[-0.40699948 -0.01490829]
[-0.42176454 -0.01476506]
[-0.43728154 -0.01551699]
[-0.4534387  -0.01615716]
[-0.47111819 -0.01767949]
[-0.49018965 -0.01907147]
[-0.50851127 -0.01832162]
[-0.525946   -0.01743473]
[-0.54336313 -0.01741713]
[-0.56063211 -0.01726898]
[-0.57862392 -0.0179918 ]
[-0.5972049  -0.01858099]
[-0.61623832 -0.01903342]
[-0.63458585 -0.01834753]
[-0.65211627 -0.01753042]
[-0.66770652 -0.01559024]
[-0.68124931 -0.01354279]
[-0.69465331 -0.013404  ]
[-0.70782997 -0.01317666]
[-0.71969418 -0.01186421]
[-0.73017104 -0.01047687]
[-0.7381959  -0.00802486]
[-0.74372018 -0.00552428]
[-0.74871094 -0.00499076]
[-0.7531388  -0.00442786]
[-0.75597799 -0.00283918]
[-0.7572121  -0.00123412]
[-0.75583407  0.00137803]
[-0.75185181  0.00398227]
[-0.74728832  0.00456348]
[-0.74217028  0.00511804]
[-0.73552792  0.00664236]
[-0.72740104  0.00812688]
[-0.7168391   0.01056193]
[-0.70390769  0.01293141]
[-0.69068895  0.01321874]
[-0.67726887  0.01342009]
[-0.66273665  0.01453222]
[-0.64719093  0.01554571]
[-0.62973937  0.01745156]
[-0.61050514  0.01923423]
[-0.59162646  0.01887867]
[-0.57324112  0.01838534]
[-0.55448483  0.01875629]
[-0.53549723  0.0189876 ]
[-0.51542041  0.02007682]
[-0.49640492  0.01901549]
[-0.47859316  0.01781176]
[-0.46011791  0.01847524]
[-0.4411159   0.01900201]
[-0.42172622  0.01938968]
[-0.40308874  0.01863748]
[-0.38533553  0.01775321]
[-0.36958981  0.01574572]
[-0.3559585   0.01363131]
[-0.34453216  0.01142634]
[-0.33438515  0.01014701]
[-0.32458225  0.0098029 ]
[-0.31518486  0.00939739]
[-0.3082507   0.00693416]
[-0.30382163  0.00442907]
[-0.30092402  0.0028976 ]
[-0.29857501  0.00234901]
[-0.29678838  0.00178663]
[-2.96574569e-01  2.13809766e-04]
[-0.29793483 -0.00136026]
[-0.30186121 -0.00392638]
[-0.30833066 -0.00646945]
[-0.31530472 -0.00697405]
[-0.32274127 -0.00743656]
[-0.33059474 -0.00785347]
[-0.3398162  -0.00922146]
[-0.35034725 -0.01053105]
[-0.36311997 -0.01277272]
[-0.37805032 -0.01493035]
[-0.39503792 -0.0169876 ]
[-0.41296601 -0.01792808]
[-0.43270869 -0.01974268]
[-0.45412463 -0.02141594]
[-0.47505786 -0.02093323]
[-0.49535386 -0.020296  ]
[-0.51586145 -0.02050759]
[-0.53642706 -0.02056561]
[-0.55789648 -0.02146942]
[-0.58010912 -0.02221264]
[-0.60089997 -0.02079084]
[-0.62011624 -0.01921627]
[-0.63861869 -0.01850246]
[-0.65727552 -0.01865683]
[-0.67595643 -0.01868091]
[-0.69353403 -0.0175776 ]
[-0.70989161 -0.01635758]
[-0.7239236  -0.01403199]
[-0.73554198 -0.01161838]
[-0.74667574 -0.01113376]
[-0.75725855 -0.01058281]
[-0.76622894 -0.00897039]
[-0.77353608 -0.00730715]
[-0.77813948 -0.0046034 ]
[-0.78001402 -0.00187454]
[-7.80149576e-01 -1.35556170e-04]
[-0.77854542  0.00160416]
[-0.77621021  0.00233521]
[-0.77315662  0.00305359]
[-0.76740136  0.00575526]
[-0.75897631  0.00842505]
[-0.74892902  0.01004729]
[-0.73731755  0.01161147]
[-0.72421078  0.01310677]
[-0.70868862  0.01552217]
[-0.69084852  0.0178401 ]
[-0.67080602  0.0200425 ]
[-0.65069501  0.02011101]
[-0.63065371  0.0200413 ]
[-0.60982322  0.02083048]
[-0.58835324  0.02146998]
[-0.56540065  0.02295259]
[-0.54113537  0.02426528]
[-0.51573863  0.02539675]
[-0.49040083  0.0253378 ]
[-0.4653116   0.02508923]
[-0.4416573  0.0236543]
[-0.41761139  0.02404591]
[-0.39334706  0.02426433]
[-0.36903495  0.02431211]
[-0.34584097  0.02319398]
[-0.32391788  0.02192309]
[-0.30240442  0.02151346]
[-0.28143081  0.0209736 ]
[-0.26111786  0.02031295]
[-0.24357629  0.01754158]
[-0.22889643  0.01467985]
[-0.21614995  0.01274648]
[-0.20539602  0.01075393]
[-0.19568231  0.00971371]
[-0.18705005  0.00863226]
[-0.1815344   0.00551565]
[-0.17915708  0.00237732]
[-0.17992727 -0.0007702 ]
[-0.18284202 -0.00291475]
[-0.18789    -0.00504798]
[-0.19605124 -0.00816123]
[-0.20729239 -0.01124115]
[-0.2195655  -0.01227311]
[-0.23281559 -0.01325009]
[-0.24798029 -0.0151647 ]
[-0.2649845  -0.01700421]
[-0.2847395  -0.01975501]
[-0.30713653 -0.02239703]
[-0.3310453  -0.02390877]
[-0.35531923 -0.02427393]
[-0.37980233 -0.0244831 ]
[-0.40633077 -0.02652843]
[-0.43472068 -0.02838991]
[-0.46376931 -0.02904863]
[-0.49326425 -0.02949494]
[-0.52298639 -0.02972214]
[-0.55371312 -0.03072673]
[-0.5852143  -0.03150118]
[-0.61725599 -0.03204169]
[-0.64860446 -0.03134847]
[-0.67803721 -0.02943275]
[-0.70535266 -0.02731546]
[-0.73137152 -0.02601885]
[-0.75693104 -0.02555952]
[-0.78188002 -0.02494898]
[-0.80407999 -0.02219997]
[-0.82341595 -0.01933596]
[-0.84179444 -0.01837849]
[-0.85913274 -0.0173383 ]
[-0.8743585  -0.01522575]
[-0.88741286 -0.01305437]
[-0.897249   -0.00983613]
[-0.90383385 -0.00658485]
[-0.90914638 -0.00531253]
[-0.91317027 -0.00402389]
[-0.91489353 -0.00172327]
[-0.91331115  0.00158238]
[-0.90842773  0.00488342]
[-0.90225785  0.00616988]
[-0.8948206   0.00743725]
[-0.88514004  0.00968056]
[-0.87324917  0.01189088]
[-0.85819104  0.01505813]
[-0.84002415  0.01816689]
[-0.82082477  0.01919938]
[-0.80068007  0.02014469]
[-0.77868845  0.02199162]
[-0.754965    0.02372345]
[-0.72864232  0.02632268]
[-0.69987698  0.02876534]
[-0.66885032  0.03102666]
[-0.63776842  0.0310819 ]
[-0.60684689  0.03092153]
[-0.57530748  0.03153942]
[-0.5433818   0.03192568]
[-0.51030783  0.03307396]
[-0.47633352  0.03397431]
[-0.44371252  0.03262101]
[-0.41268494  0.03102758]
[-0.38247395  0.03021099]
[-0.35329005  0.02918389]
[-0.32432863  0.02896143]
[-0.29577428  0.02855434]
[-0.26979866  0.02597562]
[-0.24554789  0.02425078]
[-0.22314893  0.02239896]
[-0.20271038  0.02043855]
[-0.18332362  0.01938675]
[-0.16506822  0.0182554 ]
[-0.14801249  0.01705573]
[-0.13321433  0.01479816]
[-0.12071916  0.01249516]
[-0.11156184  0.00915733]
[-0.10576579  0.00579604]
[-0.10134495  0.00442084]
[-0.09830945  0.0030355 ]
[-0.09766601  0.00064344]
[-0.09941603 -0.00175002]
[-0.10455568 -0.00513965]
[-0.11307334 -0.00851767]
[-0.12294855 -0.0098752 ]
[-0.13415561 -0.01120706]
[-0.14866292 -0.01450731]
[-0.16642569 -0.01776277]
[-0.18638329 -0.01995759]
[-0.20846014 -0.02207686]
[-0.23356385 -0.02510371]
[-0.25957855 -0.0260147 ]
[-0.28637276 -0.02679421]
[-0.31479973 -0.02842697]
[-0.34469227 -0.02989254]
[-0.37686312 -0.03217084]
[-0.40909928 -0.03223616]
[-0.4411774  -0.03207812]
[-0.47286739 -0.03169   ]
[-0.50593641 -0.03306902]
[-0.53913783 -0.03320142]
[-0.57222275 -0.03308492]
[-0.60394429 -0.03172153]
[-0.63606905 -0.03212476]
[-0.6683662  -0.03229715]
[-0.6996114 -0.0312452]
[-0.72959701 -0.02998561]
[-0.75913411 -0.0295371 ]
[-0.78804807 -0.02891396]
[-0.81518026 -0.0271322 ]
[-0.84039401 -0.02521375]
[-0.86257366 -0.02217965]
[-0.88362707 -0.02105341]
[-0.90347549 -0.01984842]
[-0.92105271 -0.01757722]
[-0.93630681 -0.01525411]
[-0.95019799 -0.01389118]
[-0.96269427 -0.01249628]
[-0.97177046 -0.00907619]
[-0.97841038 -0.00663992]
[-0.98260334 -0.00419296]
[-0.98534309 -0.00273975]
[-9.84625764e-01  7.17327641e-04]
[-0.98045235  0.00417341]
[-0.97382889  0.00662346]
[-0.96476575  0.00906315]
[-0.95327866  0.01148709]
[-0.94039015  0.01288851]
[-0.92612888  0.01426127]
[-0.9085307   0.01759817]
[-0.88764575  0.02088496]
[-0.86354175  0.02410399]
[-0.83830771  0.02523404]
[-0.81104871  0.027259  ]
[-0.78189127  0.02915744]
[-0.75098477  0.03090651]
[-0.71750208  0.03348268]
[-0.68164577  0.03585632]
[-0.64464802  0.03699775]
[-0.60676222  0.0378858 ]
[-0.56925915  0.03750307]
[-0.53241469  0.03684446]
[-0.49450413  0.03791057]
[-0.45581149  0.03869263]
[-0.41662377  0.03918773]
[-0.37822465  0.03839912]
[-0.34088161  0.03734305]
[-0.30584134  0.03504027]
[-0.27332054  0.0325208 ]
[-0.24150536  0.03181518]
[-0.21056224  0.03094312]
[-0.18163669  0.02892554]
[-0.15584909  0.02578761]
[-0.13329317  0.02255592]
[-0.11404002  0.01925315]
[-0.09614199  0.01789803]
[-0.08064068  0.0155013 ]
[-0.06756658  0.0130741 ]
[-0.05794129  0.00962529]
[-0.04977833  0.00816296]
[-0.04308755  0.00669078]
[-0.03887591  0.00421164]
[-0.03714728  0.00172863]
[-0.03790315 -0.00075587]
[-0.04014287 -0.00223972]
[-0.04386449 -0.00372162]
[-0.05106449 -0.0072    ]
[-0.06173521 -0.01067072]
[-0.07486318 -0.01312797]
[-0.09042836 -0.01556518]
[-0.10840211 -0.01797375]
[-0.12774482 -0.01934271]
[-0.14840618 -0.02066136]
[-0.17232384 -0.02391765]
[-0.19941479 -0.02709095]
[-0.22957156 -0.03015677]
[-0.26165849 -0.03208693]
[-0.29551393 -0.03385544]
[-0.33194961 -0.03643568]
[-0.37074477 -0.03879516]
[-0.41164657 -0.0409018 ]
[-0.45337232 -0.04172575]
[-0.49562088 -0.04224856]
[-0.53707903 -0.04145815]
[-0.5774361  -0.04035707]
[-0.61839115 -0.04095505]
[-0.6596448  -0.04125365]
[-0.6999062 -0.0402614]
[-0.73790608 -0.03799989]
[-0.77340713 -0.03550105]
[-0.80820513 -0.034798  ]
[-0.84211864 -0.03391351]
[-0.87299056 -0.03087192]
[-0.9006962  -0.02770564]
[-0.92513943 -0.02444323]
[-0.9472484  -0.02210897]
[-0.96796891 -0.02072052]
[-0.98725972 -0.0192908 ]
[-1.00309082 -0.01583111]
[-1.01544379 -0.01235296]
[-1.02630809 -0.0108643 ]
[-1.03567729 -0.00936921]
[-1.04254799 -0.0068707 ]
[-1.04691893 -0.00437094]
[-1.04978987 -0.00287094]
[-1.05116089 -0.00137102]
[-1.04903208  0.00212881]
[-1.04340332  0.00562877]
[-1.03427471  0.00912861]
[-1.02264798  0.01162673]
[-1.00852803  0.01411995]
[-0.99292489  0.01560315]
[-0.97585481  0.01707008]
[-0.95534177  0.02051304]
[-0.93142305  0.02391872]
[-0.90515361  0.02626944]
[-0.87660775  0.02854586]
[-0.84688218  0.02972556]
[-0.81609462  0.03078757]
[-0.78438421  0.0317104 ]
[-0.74991143  0.03447279]
[-0.71286873  0.0370427 ]
[-0.67548156  0.03738717]
[-0.63699427  0.03848728]
[-0.59767283  0.03932144]
[-0.5568004   0.04087243]
[-0.51467937  0.04212103]
[-0.47362522  0.04105415]
[-0.43294447  0.04068075]
[-0.39293528  0.04000919]
[-0.35288116  0.04005412]
[-0.31305218  0.03982898]
[-0.27369937  0.03935281]
[-0.23605011  0.03764926]
[-0.20029976  0.03575035]
[-0.16561148  0.03468828]
[-0.13212094  0.03349054]
[-0.09993658  0.03218436]
[-0.0691407   0.03079588]
[-0.04079123  0.02834947]
[-0.01492307  0.02586816]
[0.0074476  0.02237067]
[0.02631889 0.01887129]
[0.04369797 0.01737908]
[0.0595985  0.01590053]
[0.07303889 0.01344039]
[0.08303905 0.01000016]
[0.08961639 0.00657733]
[0.09278353 0.00316714]
[0.09454689 0.00176337]
[0.09491015 0.00036326]
[ 0.09287407 -0.00203608]
[ 0.0884344  -0.00443967]
[ 0.08058219 -0.0078522 ]
[ 0.06930269 -0.01127951]
[ 0.05657702 -0.01272567]
[ 0.04238727 -0.01418975]
[ 0.02571771 -0.01666956]
[ 0.00655559 -0.01916212]
[-0.01610605 -0.02266164]
[-0.04226478 -0.02615872]
[-0.06990343 -0.02763865]
[-0.09898731 -0.02908388]
[-0.13046177 -0.03147446]
[-0.16424718 -0.03378541]
[-0.19923518 -0.03498801]
[-0.23528976 -0.03605458]
[-0.27224696 -0.0369572 ]
[-0.31091567 -0.0386687 ]
[-0.35107344 -0.04015778]
[-0.39346815 -0.04239471]
[-0.43781424 -0.04434609]
[-0.48379664 -0.0459824 ]
[-0.53107684 -0.0472802 ]
[-0.57830097 -0.04722412]
[-0.62511666 -0.04681569]
[-0.67118269 -0.04606603]
[-0.71717764 -0.04599496]
[-0.762801   -0.04562336]
[-0.8067804 -0.0439794]
[-0.84888235 -0.04210195]
[-0.88891385 -0.0400315 ]
[-0.92772195 -0.0388081 ]
[-0.96518893 -0.03746698]
[-1.00023118 -0.03504226]
[-1.03279821 -0.03256703]
[-1.06186757 -0.02906936]
[-1.08743936 -0.02557178]
[-1.11152933 -0.02408998]
[-1.13316573 -0.02163639]
[-1.15238481 -0.01921908]
[-1.16822733 -0.01584252]
[-1.18073284 -0.01250551]
[-1.19193629 -0.01120345]
[-1.2  0. ]
[-1.1977581  0.0022419]
[-1.19326692  0.00449118]
[-1.18751196  0.00575497]
[-1.18047523  0.00703673]
[-1.17013569  0.01033954]
[-1.15646426  0.01367143]
[-1.13942595  0.01703831]
[-1.11998272  0.01944323]
[-1.09809886  0.02188386]
[-1.07474409  0.02335477]
[-1.04989785  0.02484624]
[-1.02155169  0.02834616]
[-0.98971292  0.03183876]
[-0.95541124  0.03430168]
[-0.91770374  0.0377075 ]
[-0.87668253  0.04102121]
[-0.83248135  0.04420119]
[-0.78728113  0.04520021]
[-0.74130319  0.04597794]
[-0.6928061   0.04849709]
[-0.64209376  0.05071234]
[-0.5895113   0.05258246]
[-0.53643771  0.05307359]
[-0.48326786  0.05316985]
[-0.43139975  0.05186811]
[-0.38121435  0.0501854 ]
[-0.33306465  0.0481497 ]
[-0.28626741  0.04679725]
[-0.24210352  0.04416388]
[-0.20080872  0.04129481]
[-0.16257381  0.0382349 ]
[-0.12754742  0.03502639]
[-0.09484023  0.03270719]
[-0.06553253  0.0293077 ]
[-0.03767667  0.02785586]
[-0.01130486  0.02637181]
[0.01256839 0.02387325]
[0.03394341 0.02137502]
[0.05383139 0.01988798]
[0.07225189 0.01842051]
[0.0872309 0.014979 ]
[0.09979502 0.01256412]
[0.10997034 0.01017533]
[0.11778049 0.00781015]
[0.12424509 0.00646459]
[0.12938134 0.00513626]
[0.13120357 0.00182222]
[ 0.12971696 -0.0014866 ]
[ 0.12591728 -0.00379968]
[ 0.11979386 -0.00612342]
[ 0.11233016 -0.00746371]
[ 0.10350706 -0.00882309]
[ 0.09130353 -0.01220353]
[ 0.0756932  -0.01561033]
[ 0.05664706 -0.01904615]
[ 0.03513692 -0.02151014]
[ 0.01114066 -0.02399626]
[-0.01435421 -0.02549486]
[-0.04334675 -0.02899255]
[-0.07581819 -0.03247144]
[-0.11172524 -0.03590705]
[-0.15099316 -0.03926793]
[-0.19350896 -0.0425158 ]
[-0.23811519 -0.04460623]
[-0.28461023 -0.04649504]
[-0.33174801 -0.04713779]
[-0.37924655 -0.04749853]
[-0.4267942  -0.04754765]
[-0.47405772 -0.04726352]
[-0.52069143 -0.04663371]
[-0.56634695 -0.04565552]
[-0.61068273 -0.04433579]
[-0.65337279 -0.04269006]
[-0.69611395 -0.04274116]
[-0.73661824 -0.04050429]
[-0.77463142 -0.03801319]
[-0.80993485 -0.03530343]
[-0.84334529 -0.03341044]
[-0.87470885 -0.03136355]
[-0.90489971 -0.03019087]
[-0.93381494 -0.02891522]
[-0.9593734  -0.02555846]
[-0.98151813 -0.02214473]
[-1.00121124 -0.01969311]
[-1.0184281  -0.01721686]
[-1.03315426 -0.01472616]
[-1.04438264 -0.01122838]
[-1.05211112 -0.00772847]
[-1.05633986 -0.00422874]
[-1.05806954 -0.00172968]
[-1.05830056e+00 -2.31013483e-04]
[-1.05703296  0.0012676 ]
[-1.05326644  0.00376651]
[-1.04600035  0.0072661 ]
[-1.03523427  0.01076608]
[-1.0209698   0.01426447]
[-1.00421306  0.01675674]
[-0.98497708  0.01923598]
[-0.96428453  0.02069255]
[-0.94016892  0.02411561]
[-0.91268107  0.02748784]
[-0.88289405  0.02978703]
[-0.85090462  0.03198943]
[-0.81683629  0.03406834]
[-0.78084156  0.03599472]
[-0.7441034   0.03673816]
[-0.70682946  0.03727394]
[-0.66724945  0.03958   ]
[-0.62562511  0.04162434]
[-0.58324746  0.04237765]
[-0.54042483  0.04282263]
[-0.49647606  0.04394877]
[-0.45173048  0.04474558]
[-0.40651975  0.04521073]
[-0.36216917  0.04435058]
[-0.31898254  0.04318663]
[-0.27623595  0.04274659]
[-0.23417893  0.04205702]
[-0.19302993  0.041149  ]
[-0.15397332  0.0390566 ]
[-0.11715472  0.0368186 ]
[-0.08368329  0.03347143]
[-0.05363349  0.0300498 ]
[-0.0270514   0.02658209]
[-0.00396108  0.02309032]
[0.01762942 0.0215905 ]
[0.03672341 0.01909399]
[0.05233256 0.01560915]
[0.06447245 0.0121399 ]
[0.07515897 0.01068651]
[0.08440876 0.00924979]
[0.09123828 0.00682952]
[0.09566087 0.00442259]
[0.0966857  0.00102483]
[ 0.09431496 -0.00237074]
[ 0.09054363 -0.00377133]
[ 0.08536396 -0.00517967]
[ 0.07776583 -0.00759814]
[ 0.06773542 -0.01003041]
[ 0.05525645 -0.01247897]
[ 0.03931175 -0.0159447 ]
[ 0.02188441 -0.01742733]
[ 0.00296247 -0.01892195]
[-0.01945938 -0.02242185]
[-0.04437697 -0.02491759]
[-0.07177244 -0.02739547]
[-0.10161018 -0.02983774]
[-0.13283267 -0.03122248]
[-0.16535926 -0.0325266 ]
[-0.2010845  -0.03572524]
[-0.23986847 -0.03878397]
[-0.28153261 -0.04166414]
[-0.32485683 -0.04332422]
[-0.36958485 -0.04472803]
[-0.41542732 -0.04584247]
[-0.46306691 -0.04763959]
[-0.512158   -0.04909109]
[-0.56233488 -0.05017688]
[-0.61222188 -0.04988701]
[-0.66145202 -0.04923014]
[-0.70967748 -0.04822546]
[-0.75757872 -0.04790123]
[-0.8048657  -0.04728698]
[-0.84928474 -0.04441905]
[-0.89063165 -0.04134691]
[-0.9307493  -0.04011765]
[-0.96951795 -0.03876865]
[-1.00685418 -0.03733623]
[-1.0407087  -0.03385452]
[-1.07306369 -0.03235499]
[-1.1039262  -0.03086251]
[-1.13332483 -0.02939863]
[-1.16130645 -0.02798162]
[-1.18693313 -0.02562668]
[-1.2  0. ]
[-1.1987581  0.0012419]
[-1.19627021  0.0024879 ]
[-1.19052817  0.00574203]
[-1.18251372  0.00801446]
[-1.17220244  0.01031128]
[-1.16056491  0.01163753]
[-1.14757058  0.01299433]
[-1.13118873  0.01638185]
[-1.11138583  0.0198029 ]
[-1.08912914  0.02225669]
[-1.0643922   0.02473694]
[-1.03815858  0.02623361]
[-1.01042589  0.02773269]
[-0.98120839  0.0292175 ]
[-0.95053972  0.03066867]
[-0.91647542  0.0340643 ]
[-0.87910092  0.03737451]
[-0.83953762  0.0395633 ]
[-0.79794396  0.04159366]
[-0.75451727  0.04342669]
[-0.71049392  0.04402334]
[-0.66614116  0.04435276]
[-0.62175162  0.04438954]
[-0.57763653  0.0441151 ]
[-0.53411792  0.04351861]
[-0.49152043  0.04259749]
[-0.44916316  0.04235727]
[-0.40835953  0.04080363]
[-0.36940308  0.03895645]
[-0.33256229  0.03684079]
[-0.29707712  0.03548517]
[-0.26316309  0.03391403]
[-0.23000957  0.03315351]
[-0.19778413  0.03222544]
[-0.16863136  0.02915277]
[-0.14166545  0.02696591]
[-0.11697713  0.02468831]
[-0.09363645  0.02334068]
[-0.07169778  0.02193867]
[-0.0522015   0.01949628]
[-0.03517463  0.01702687]
[-0.02163385  0.01354078]
[-0.0115878   0.01004604]
[-0.00304025  0.00854755]
[0.00400741 0.00704766]
[0.00755525 0.00354784]
[7.60372755e-03 4.84808109e-05]
[ 0.00415286 -0.00345087]
[-0.00279782 -0.00695067]
[-0.0122484  -0.00945059]
[-0.0231973 -0.0109489]
[-0.03564015 -0.01244285]
[-0.05156872 -0.01592857]
[-0.07096743 -0.01939871]
[-0.0938097  -0.02284227]
[-0.11905362 -0.02524392]
[-0.14663977 -0.02758615]
[-0.17548788 -0.02884811]
[-0.20549747 -0.03000959]
[-0.23854684 -0.03304937]
[-0.27448289 -0.03593605]
[-0.31111818 -0.03663529]
[-0.34824132 -0.03712314]
[-0.38661982 -0.03837849]
[-0.42599698 -0.03937717]
[-0.46609575 -0.04009876]
[-0.50762365 -0.0415279 ]
[-0.54827132 -0.04064767]
[-0.58873411 -0.04046279]
[-0.62871149 -0.03997738]
[-0.66891353 -0.04020204]
[-0.7090599  -0.04014637]
[-0.74788597 -0.03882607]
[-0.78515398 -0.03726801]
[-0.82065551 -0.03550154]
[-0.85421253 -0.03355702]
[-0.88567696 -0.03146443]
[-0.91492919 -0.02925223]
[-0.94187567 -0.02694648]
[-0.96744591 -0.02557024]
[-0.99158736 -0.02414145]
[-1.01426353 -0.02267616]
[-1.03345188 -0.01918835]
[-1.05114236 -0.01769048]
[-1.06733301 -0.01619065]
[-1.08202823 -0.01469521]
[-1.09423708 -0.01220885]
[-1.10397078 -0.0097337 ]
[-1.11124065 -0.00726988]
[-1.11505653 -0.00381588]
[-1.11542403e+00 -3.67501316e-04]
[-1.11434372e+00  1.08031416e-03]
[-1.11181395  0.00252976]
[-1.10683101  0.00498294]
[-1.09938798  0.00744304]
[-1.08947552  0.00991246]
[-1.07608314  0.01339238]
[-1.05920015  0.016883  ]
[-1.03881877  0.02038137]
[-1.01593819  0.02288059]
[-0.99056859  0.0253696 ]
[-0.96173498  0.02883361]
[-0.92948309  0.03225189]
[-0.89588547  0.03359762]
[-0.86104103  0.03484444]
[-0.82307643  0.0379646 ]
[-0.78215595  0.04092048]
[-0.73848497  0.04367097]
[-0.69231169  0.04617329]
[-0.64492639  0.0473853 ]
[-0.5956511   0.04927529]
[-0.54483961  0.05081149]
[-0.49286892  0.05197069]
[-0.44012838  0.05274054]
[-0.38700735  0.05312103]
[-0.33488233  0.05212503]
[-0.28309826  0.05178406]
[-0.23196548  0.05113278]
[-0.1817514   0.05021408]
[-0.13367481  0.04807659]
[-0.08789987  0.04577494]
[-0.04353852  0.04436136]
[-0.00065586  0.04288265]
[0.0407268  0.04138266]
[0.07962809 0.03890129]
[0.11610038 0.03647229]
[0.14922278 0.0331224 ]
[0.18109154 0.03186876]
[0.21182024 0.03072871]
[0.24053695 0.02871671]
[0.26737681 0.02683985]
[0.29147872 0.02410191]
[0.31297705 0.02149834]
[0.33399876 0.02102171]
[0.35467392 0.02067516]
[0.37413568 0.01946176]
[0.39251365 0.01837797]
[0.40893362 0.01641998]
[0.42351047 0.01457685]
[0.43834789 0.01483742]
[0.45355287 0.01520498]
[0.46823637 0.0146835 ]
[0.48250655 0.01427018]
[0.49546932 0.01296277]
[0.50722137 0.01175205]
----
[-0.5788336   0.00142289]
[-0.57599834  0.00283526]
[-0.5737717   0.00222664]
[-0.57217019  0.00160152]
[-0.57020568  0.00196451]
[-0.56789275  0.00231293]
[-0.56424859  0.00364416]
[-0.55930032  0.00494827]
[-0.5550848   0.00421552]
[-0.55163348  0.00345132]
[-0.54797215  0.00366133]
[-0.54412818  0.00384397]
[-0.53913034  0.00499784]
[-0.53301605  0.00611429]
[-0.52583115  0.00718491]
[-0.5176295   0.00820165]
[-0.50947262  0.00815688]
[-0.50142165  0.00805097]
[-0.49453689  0.00688476]
[-0.48886982  0.00566707]
[-0.48246274  0.00640708]
[-0.4753634   0.00709934]
[-0.46862457  0.00673883]
[-0.46229617  0.00632839]
[-0.45542496  0.00687121]
[-0.44806149  0.00736347]
[-0.44025972  0.00780177]
[-0.4320765   0.00818322]
[-0.4235711  0.0085054]
[-0.4168047  0.0067664]
[-0.41182563  0.00497907]
[-0.40766923  0.0041564 ]
[-0.40436489  0.00330435]
[-0.40093584  0.00342904]
[-0.39740615  0.00352969]
[-0.39380046  0.00360569]
[-0.39014383  0.00365662]
[-0.3874616   0.00268224]
[-0.38577224  0.00168936]
[-3.86087377e-01 -3.15138474e-04]
[-0.38840485 -0.00231747]
[-0.3927087  -0.00430385]
[-0.39796919 -0.00526049]
[-0.40414976 -0.00618057]
[-0.41120715 -0.00705738]
[-0.41809159 -0.00688444]
[-0.42475418 -0.0066626 ]
[-0.4331473  -0.00839312]
[-0.44321051 -0.01006321]
[-0.4538708  -0.01066029]
[-0.46605024 -0.01217945]
[-0.47965916 -0.01360892]
[-0.49459667 -0.01493751]
[-0.50975143 -0.01515475]
[-0.52501001 -0.01525858]
[-0.539258   -0.01424799]
[-0.5523886  -0.01313059]
[-0.56630353 -0.01391494]
[-0.58089906 -0.01459553]
[-0.59606695 -0.01516789]
[-0.6106956  -0.01462865]
[-0.62467843 -0.01398283]
[-0.63691473 -0.0122363 ]
[-0.64731743 -0.0104027 ]
[-0.6578134  -0.01049597]
[-0.66832975 -0.01051634]
[-0.67779439 -0.00946465]
[-0.68614337 -0.00834898]
[-0.69232102 -0.00617764]
[-0.69828659 -0.00596557]
[-0.70400115 -0.00571457]
[-0.70742779 -0.00342664]
[-0.70854454 -0.00111675]
[-0.70734428  0.00120026]
[-0.70483467  0.00250961]
[-0.70103177  0.00380289]
[-0.69596009  0.00507168]
[-0.69065254  0.00530755]
[-0.68514387  0.00550866]
[-0.6774705   0.00767338]
[-0.66768363  0.00978686]
[-0.65584947  0.01183416]
[-0.64304925  0.01280022]
[-0.6293722   0.01367705]
[-0.61591509  0.01345711]
[-0.60277443  0.01314066]
[-0.58804552  0.01472891]
[-0.57183627  0.01620925]
[-0.55426649  0.01756977]
[-0.53746703  0.01679946]
[-0.52156359  0.01590344]
[-0.50467542  0.01688818]
[-0.48792909  0.01674633]
[-0.47144977  0.01647931]
[-0.45435998  0.01708979]
[-0.43678576  0.01757423]
[-0.42085529  0.01593046]
[-0.40668326  0.01417203]
[-0.39237023  0.01431303]
[-0.37801618  0.01435405]
[-0.36471962  0.01329656]
[-0.35257004  0.01214958]
[-0.34264764  0.0099224 ]
[-0.33501669  0.00763095]
[-0.32772585  0.00729084]
[-0.32082097  0.00690488]
[-0.31534483  0.00547613]
[-0.31133096  0.00401387]
[-0.30880366  0.0025273 ]
[-0.30677813  0.00202553]
[-0.30526648  0.00151165]
[-0.30627772 -0.00101124]
[-0.30980584 -0.00352811]
[-0.3158297  -0.00602387]
[-0.32231288 -0.00648318]
[-0.32921561 -0.00690273]
[-0.33849498 -0.00927937]
[-0.35009237 -0.01159739]
[-0.36393308 -0.01384072]
[-0.37892602 -0.01499294]
[-0.39397026 -0.01504424]
[-0.40896239 -0.01499213]
[-0.42379745 -0.01483506]
[-0.43936988 -0.01557243]
[-0.45656733 -0.01719745]
[-0.47526414 -0.0186968 ]
[-0.49432218 -0.01905804]
[-0.51359952 -0.01927734]
[-0.53195184 -0.01835232]
[-0.54924152 -0.01728968]
[-0.56733907 -0.01809755]
[-0.5861095  -0.01877044]
[-0.60441385 -0.01830435]
[-0.62211801 -0.01770416]
[-0.64009398 -0.01797597]
[-0.65821392 -0.01811994]
[-0.67435146 -0.01613754]
[-0.68839651 -0.01404505]
[-0.70125532 -0.0128588 ]
[-0.71284389 -0.01158857]
[-0.72408815 -0.01124426]
[-0.73491778 -0.01082963]
[-0.74526656 -0.01034878]
[-0.75307269 -0.00780613]
[-0.75829052 -0.00521783]
[-0.76189003 -0.00359951]
[-0.76385073 -0.0019607 ]
[-0.76516155 -0.00131082]
[-7.65815121e-01 -6.53565950e-04]
[-7.65807765e-01  7.35615667e-06]
[-0.76313953  0.00266824]
[-0.75782542  0.00531411]
[-0.75089565  0.00692977]
[-0.74239022  0.00850543]
[-0.73335918  0.00903105]
[-0.72185672  0.01150246]
[-0.70795346  0.01390326]
[-0.69173696  0.0162165 ]
[-0.67431222  0.01742474]
[-0.65579525  0.01851697]
[-0.63531259  0.02048266]
[-0.61300768  0.02230491]
[-0.59104021  0.02196747]
[-0.56857038  0.02246983]
[-0.54576428  0.0228061 ]
[-0.52179206  0.02397222]
[-0.49683339  0.02495867]
[-0.47107525  0.02575814]
[-0.4447094   0.02636584]
[-0.41892972  0.02577968]
[-0.39492222  0.0240075 ]
[-0.372856    0.02206622]
[-0.35188221  0.02097379]
[-0.33114008  0.02074213]
[-0.31076252  0.02037756]
[-0.29187496  0.01888756]
[-0.27558868  0.01628627]
[-0.26199556  0.01359312]
[-0.25016916  0.0118264 ]
[-0.24017112  0.00999804]
[-0.23205175  0.00811937]
[-0.22685066  0.00520109]
[-0.22459263  0.00225803]
[-0.22328828  0.00130435]
[-0.2229437   0.00034459]
[-0.22456048 -0.00161678]
[-0.22813108 -0.00357061]
[-0.2336387  -0.00550761]
[-0.24205694 -0.00841824]
[-0.25334449 -0.01128755]
[-0.26644407 -0.01309958]
[-0.28128661 -0.01484255]
[-0.29879062 -0.017504  ]
[-0.31885574 -0.02006512]
[-0.33936169 -0.02050595]
[-0.36018013 -0.02081844]
[-0.38317569 -0.02299557]
[-0.40819356 -0.02501786]
[-0.43405977 -0.02586622]
[-0.46158949 -0.02752971]
[-0.48858159 -0.0269921 ]
[-0.51483584 -0.02625425]
[-0.5421558  -0.02731996]
[-0.57033666 -0.02818086]
[-0.59816813 -0.02783147]
[-0.62444499 -0.02627685]
[-0.64897698 -0.02453199]
[-0.67259065 -0.02361367]
[-0.69512372 -0.02253307]
[-0.71742638 -0.02230266]
[-0.73735589 -0.0199295 ]
[-0.75478985 -0.01743396]
[-0.77062559 -0.01583574]
[-0.78577362 -0.01514803]
[-0.80015189 -0.01437827]
[-0.81268591 -0.01253402]
[-0.82331353 -0.01062762]
[-0.83098416 -0.00767063]
[-0.83566253 -0.00467837]
[-0.83732763 -0.0016651 ]
[-8.37972085e-01 -6.44457836e-04]
[-8.37593057e-01  3.79027821e-04]
[-0.83519221  0.00240084]
[-0.8307802   0.00441201]
[-0.82337685  0.00740335]
[-0.81301621  0.01036064]
[-0.80174757  0.01126864]
[-0.78962662  0.01212095]
[-0.77671562  0.012911  ]
[-0.76108349  0.01563213]
[-0.74281713  0.01826636]
[-0.72202262  0.02079452]
[-0.69882627  0.02319635]
[-0.67437541  0.02445086]
[-0.6498319   0.02454351]
[-0.6253641   0.02446779]
[-0.60014487  0.02521923]
[-0.57335657  0.0267883 ]
[-0.54519648  0.0281601 ]
[-0.51787451  0.02732197]
[-0.49159548  0.02627904]
[-0.4655561   0.02603938]
[-0.43894984  0.02660626]
[-0.41197165  0.02697819]
[-0.3848151   0.02715655]
[-0.35766962  0.02714548]
[-0.33271785  0.02495178]
[-0.31012071  0.02259714]
[-0.28801743  0.02210328]
[-0.26653755  0.02147988]
[-0.24580014  0.02073741]
[-0.22691327  0.01888687]
[-0.21096917  0.0159441 ]
[-0.19804085  0.01292832]
[-0.18618413  0.01185672]
[-0.17544747  0.01073666]
[-0.16687243  0.00857504]
[-0.16049061  0.00638182]
[-0.15732457  0.00316604]
[-1.57385217e-01 -6.06460711e-05]
[-0.15867234 -0.00128712]
[-0.16118153 -0.00250919]
[-0.1659041  -0.00472257]
[-0.17282336 -0.00691926]
[-0.18191407 -0.00909071]
[-0.19214163 -0.01022756]
[-0.20346524 -0.01132361]
[-0.2178374  -0.01437216]
[-0.23519444 -0.01735704]
[-0.25445457 -0.01926013]
[-0.27552098 -0.02106641]
[-0.29828091 -0.02275993]
[-0.32260495 -0.02432404]
[-0.34934673 -0.02674179]
[-0.3783367  -0.02898996]
[-0.40738197 -0.02904527]
[-0.43628131 -0.02889935]
[-0.46682808 -0.03054676]
[-0.49779857 -0.03097049]
[-0.52896236 -0.0311638 ]
[-0.56008593 -0.03112357]
[-0.5919364  -0.03185046]
[-0.62427791 -0.03234151]
[-0.65487576 -0.03059785]
[-0.68351429 -0.02863853]
[-0.71199893 -0.02848464]
[-0.7401446  -0.02814568]
[-0.76677804 -0.02663343]
[-0.79074516 -0.02396712]
[-0.81191638 -0.02117123]
[-0.83218495 -0.02026856]
[-0.85145582 -0.01927087]
[-0.86764549 -0.01618967]
[-0.88068916 -0.01304367]
[-0.89253831 -0.01184915]
[-0.90315175 -0.01061345]
[-0.91149502 -0.00834327]
[-0.91754261 -0.00604759]
[-0.92227695 -0.00473434]
[-0.92568479 -0.00340785]
[-9.25756922e-01 -7.21273121e-05]
[-0.92249314  0.00326379]
[-0.91690227  0.00559087]
[-0.90899997  0.0079023 ]
[-0.89980947  0.0091905 ]
[-0.88935941  0.01045007]
[-0.87668441  0.01267499]
[-0.86182944  0.01485497]
[-0.84385117  0.01797827]
[-0.82382383  0.02002733]
[-0.80183713  0.0219867 ]
[-0.77699767  0.02483946]
[-0.74943555  0.02756212]
[-0.72030629  0.02912926]
[-0.68978587  0.03052042]
[-0.65807005  0.03171582]
[-0.62437282  0.03369723]
[-0.58893125  0.03544157]
[-0.55300282  0.03592843]
[-0.51685414  0.03614868]
[-0.48175605  0.0350981 ]
[-0.44797095  0.0337851 ]
[-0.41374821  0.03422274]
[-0.37933451  0.0344137 ]
[-0.34596933  0.03336518]
[-0.31387421  0.03209512]
[-0.28425029  0.02962393]
[-0.25727115  0.02697914]
[-0.23308362  0.02418752]
[-0.20980941  0.02327421]
[-0.18855611  0.0212533 ]
[-0.16941338  0.01914273]
[-0.15145466  0.01795872]
[-0.1347423   0.01671237]
[-0.12132844  0.01341385]
[-0.11125081  0.01007764]
[-0.10453522  0.00671559]
[-0.1001977   0.00433752]
[-0.09824808  0.00194962]
[-0.09969065 -0.00144257]
[-0.10452225 -0.0048316 ]
[-0.11073195 -0.0062097 ]
[-0.11930497 -0.00857302]
[-0.13021956 -0.01091459]
[-0.1444458  -0.01422624]
[-0.16194096 -0.01749516]
[-0.18064685 -0.01870589]
[-0.20049452 -0.01984766]
[-0.22140342 -0.02090891]
[-0.24528084 -0.02387742]
[-0.27201142 -0.02673058]
[-0.30045479 -0.02844337]
[-0.3304495  -0.02999472]
[-0.36081313 -0.03036362]
[-0.39134969 -0.03053656]
[-0.42385231 -0.03250261]
[-0.4580919 -0.0342396]
[-0.49381965 -0.03572774]
[-0.52877044 -0.03495079]
[-0.56268244 -0.033912  ]
[-0.59630199 -0.03361955]
[-0.62938057 -0.03307859]
[-0.66067904 -0.03129847]
[-0.69097815 -0.0302991 ]
[-0.720074   -0.02909585]
[-0.74878014 -0.02870614]
[-0.77692298 -0.02814284]
[-0.80234357 -0.02542058]
[-0.82490884 -0.02256527]
[-0.8455097  -0.02060086]
[-0.8640544 -0.0185447]
[-0.88046704 -0.01641264]
[-0.89368596 -0.01321892]
[-0.90366534 -0.00997938]
[-0.91237292 -0.00870759]
[-0.91978223 -0.00740931]
[-0.92387197 -0.00408974]
[-9.24630872e-01 -7.58899274e-04]
[-0.92305688  0.00157399]
[-0.91815427  0.00490261]
[-0.90993666  0.00821761]
[-0.89842803  0.01150863]
[-0.88566429  0.01276374]
[-0.87168839  0.0139759 ]
[-0.8545511   0.01713729]
[-0.83431984  0.02023127]
[-0.81308129  0.02123854]
[-0.79093443  0.02214686]
[-0.76799069  0.02294374]
[-0.74437386  0.02361683]
[-0.71821965  0.02615421]
[-0.68968732  0.02853233]
[-0.65896023  0.03072709]
[-0.6282456   0.03071463]
[-0.59775895  0.03048665]
[-0.56672068  0.03103827]
[-0.53435989  0.03236079]
[-0.50091841  0.03344148]
[-0.4666469   0.03427151]
[-0.43280045  0.03384645]
[-0.3996266   0.03317385]
[-0.36836126  0.03126535]
[-0.33721856  0.0311427 ]
[-0.30640201  0.03081655]
[-0.27710159  0.02930042]
[-0.24948595  0.02761564]
[-0.22470215  0.02478379]
[-0.20287152  0.02183063]
[-0.18409199  0.01877953]
[-0.1674408  0.0166512]
[-0.15198077  0.01546003]
[-0.13776535  0.01421541]
[-0.12483944  0.01292591]
[-0.11424025  0.0105992 ]
[-0.10599566  0.00824459]
[-0.09912573  0.00686992]
[-0.09364608  0.00547965]
[-0.08956842  0.00407766]
[-0.08890105  0.00066737]
[-0.09164529 -0.00274424]
[-0.09679563 -0.00515035]
[-0.10434131 -0.00754568]
[-0.1132655 -0.0089242]
[-0.12354676 -0.01028125]
[-0.13615825 -0.01261149]
[-0.15106406 -0.01490581]
[-0.1692175  -0.01815344]
[-0.19055567 -0.02133817]
[-0.21399633 -0.02344067]
[-0.23943926 -0.02544293]
[-0.26576448 -0.02632522]
[-0.29483631 -0.02907183]
[-0.32649232 -0.031656  ]
[-0.35954196 -0.03304965]
[-0.39377296 -0.034231  ]
[-0.42895322 -0.03518026]
[-0.46583382 -0.0368806 ]
[-0.50414549 -0.03831167]
[-0.54360298 -0.03945749]
[-0.58391053 -0.04030755]
[-0.6227682  -0.03885767]
[-0.65989303 -0.03712483]
[-0.6970239  -0.03713087]
[-0.73391196 -0.03688807]
[-0.77032527 -0.03641331]
[-0.80405253 -0.03372726]
[-0.83491591 -0.03086338]
[-0.86476935 -0.02985344]
[-0.89348794 -0.02871859]
[-0.91996765 -0.02647971]
[-0.94412727 -0.02415962]
[-0.96490546 -0.02077819]
[-0.98225944 -0.01735398]
[-0.99716072 -0.01490127]
[-1.0095901  -0.01242939]
[-1.02053539 -0.01094528]
[-1.02998866 -0.00945328]
[-1.03594527 -0.00595661]
[-1.0394033  -0.00345803]
[-1.04036201e+00 -9.58714328e-04]
[-1.03982125e+00  5.40760039e-04]
[-1.03778111  0.00204015]
[-1.03424196  0.00353915]
[-1.02920469  0.00503726]
[-1.02267107  0.00653362]
[-1.01464422  0.00802686]
[-1.00312927  0.01151494]
[-0.98813614  0.01499313]
[-0.97068215  0.01745399]
[-0.95079374  0.01988841]
[-0.92850916  0.02228459]
[-0.90388138  0.02462777]
[-0.87698114  0.02690024]
[-0.84689983  0.03008131]
[-0.81375644  0.03314339]
[-0.77870147  0.03505497]
[-0.74191459  0.03678687]
[-0.70360493  0.03830967]
[-0.66300988  0.04059504]
[-0.62039947  0.04261041]
[-0.57707322  0.04332626]
[-0.53334762  0.0437256 ]
[-0.49054892  0.0427987 ]
[-0.44699769  0.04355123]
[-0.40301592  0.04398177]
[-0.36091893  0.04209699]
[-0.32099417  0.03992476]
[-0.2834971   0.03749707]
[-0.24664907  0.03684803]
[-0.21064729  0.03600177]
[-0.17766272  0.03298457]
[-0.14683138  0.03083134]
[-0.1172614   0.02956999]
[-0.08903831  0.02822309]
[-0.06322657  0.02581175]
[-0.03986998  0.02335658]
[-0.01999554  0.01987445]
[-0.0036166   0.01637894]
[0.01026249 0.01387909]
[0.02164277 0.01138027]
[0.03052831 0.00888554]
[0.03692433 0.00639602]
[0.04083567 0.00391134]
[0.04326575 0.00243008]
[0.04421686 0.00095111]
[ 0.04168993 -0.00252693]
[ 0.03668253 -0.0050074 ]
[ 0.02919025 -0.00749228]
[ 0.01820755 -0.0109827 ]
[ 0.00372858 -0.01447897]
[-0.01225023 -0.01597881]
[-0.02972736 -0.01747713]
[-0.04969455 -0.01996719]
[-0.07213401 -0.02243946]
[-0.09801516 -0.02588115]
[-0.12728901 -0.02927385]
[-0.15988278 -0.03259377]
[-0.19469445 -0.03481167]
[-0.23159166 -0.03689721]
[-0.27140937 -0.03981771]
[-0.31194315 -0.04053378]
[-0.35295981 -0.04101666]
[-0.39420109 -0.04124128]
[-0.43738866 -0.04318757]
[-0.48121563 -0.04382697]
[-0.52535961 -0.04414398]
[-0.56949039 -0.04413078]
[-0.61427806 -0.04478768]
[-0.659394   -0.04511594]
[-0.70251941 -0.04312541]
[-0.74436644 -0.04184702]
[-0.78467612 -0.04030969]
[-0.82422188 -0.03954575]
[-0.86280641 -0.03858453]
[-0.89826379 -0.03545738]
[-0.93046659 -0.0322028 ]
[-0.96032112 -0.02985453]
[-0.98776008 -0.02743896]
[-1.01273867 -0.0249786 ]
[-1.03623062 -0.02349194]
[-1.05822392 -0.0219933 ]
[-1.07671858 -0.01849467]
[-1.09172305 -0.01500446]
[-1.10324978 -0.01152673]
[-1.11131177 -0.008062  ]
[-1.11691987 -0.0056081 ]
[-1.12008246 -0.00316259]
[-1.11980457e+00  2.77887604e-04]
[-1.11608576  0.00371881]
[-1.10892014  0.00716562]
[-1.10029726  0.00862288]
[-1.09020604  0.01009123]
[-1.07763559  0.01257045]
[-1.06257556  0.01506003]
[-1.04601819  0.01655737]
[-1.02796084  0.01805735]
[-1.00840764  0.01955319]
[-0.98537136  0.02303628]
[-0.95887796  0.0264934 ]
[-0.92897179  0.02990616]
[-0.89772123  0.03125056]
[-0.86521785  0.03250338]
[-0.83157787  0.03363998]
[-0.79494293  0.03663493]
[-0.75549034  0.03945259]
[-0.7154355   0.04005485]
[-0.67501999  0.0404155 ]
[-0.63250749  0.04251251]
[-0.58819262  0.04431487]
[-0.54339632  0.04479629]
[-0.49845164  0.04494469]
[-0.45269537  0.04575626]
[-0.40646688  0.04622849]
[-0.36109891  0.04536797]
[-0.31690199  0.04419692]
[-0.27415784  0.04274415]
[-0.23311472  0.04104312]
[-0.19498475  0.03812996]
[-0.15993913  0.03504562]
[-0.12611121  0.03382792]
[-0.09360649  0.03250472]
[-0.06450385  0.02910265]
[-0.03685454  0.02764931]
[-0.01068997  0.02616457]
[0.01397589 0.02466586]
[0.03614395 0.02216806]
[0.05582669 0.01968274]
[0.07404441 0.01821772]
[0.09082355 0.01677914]
[0.10619492 0.01537137]
[0.1201921  0.01399717]
[0.13085004 0.01065794]
[0.13819813 0.0073481 ]
[0.14325803 0.0050599 ]
[0.14604528 0.00278725]
[0.14756867 0.00152339]
[0.14783307 0.0002644 ]
[ 0.14483933 -0.00299374]
[ 0.1385779  -0.00626142]
[ 0.13002943 -0.00854847]
[ 0.11916877 -0.01086066]
[ 0.10596617 -0.01320259]
[ 0.08938884 -0.01657733]
[ 0.06940087 -0.01998798]
[ 0.04796688 -0.02143399]
[ 0.02505874 -0.02290815]
[-0.00034235 -0.02540108]
[-0.02824343 -0.02790108]
[-0.05963555 -0.03139211]
[-0.09448776 -0.03485221]
[-0.1317402  -0.03725244]
[-0.17129992 -0.03955972]
[-0.21303673 -0.04173681]
[-0.25778011 -0.04474337]
[-0.30531243 -0.04753233]
[-0.35536738 -0.05005495]
[-0.40763118 -0.0522638 ]
[-0.46074729 -0.05311611]
[-0.513332   -0.05258471]
[-0.5669937 -0.0536617]
[-0.62133086 -0.05433716]
[-0.67394548 -0.05261462]
[-0.72447035 -0.05052487]
[-0.77257822 -0.04810787]
[-0.81998761 -0.04740938]
[-0.86645562 -0.04646802]
[-0.91078223 -0.04432661]
[-0.95281529 -0.04203306]
[-0.9914479  -0.03863261]
[-1.02661538 -0.03516749]
[-1.05828764 -0.03167225]
[-1.08746127 -0.02917364]
[-1.11415313 -0.02669185]
[-1.13939525 -0.02524212]
[-1.16323239 -0.02383714]
[-1.18571947 -0.02248709]
[-1.2  0. ]
[-1.1977581  0.0022419]
[-1.19326692  0.00449118]
[-1.18551196  0.00775497]
[-1.17446914  0.01104281]
[-1.16110635  0.01336279]
[-1.14438812  0.01671823]
[-1.12427541  0.02011272]
[-1.10072923  0.02354618]
[-1.07371522  0.02701401]
[-1.04420912  0.0295061 ]
[-1.01220312  0.032006  ]
[-0.97771089  0.03449224]
[-0.93977277  0.03793811]
[-0.90046337  0.03930941]
[-0.8598923   0.04057107]
[-0.81720564  0.04268666]
[-0.77159082  0.04561481]
[-0.72328296  0.04830786]
[-0.67456545  0.04871751]
[-0.625754    0.04881145]
[-0.57718833  0.04856568]
[-0.52722246  0.04996587]
[-0.47622941  0.05099305]
[-0.42659044  0.04963897]
[-0.37666881  0.04992163]
[-0.32681381  0.049855  ]
[-0.27735045  0.04946336]
[-0.23057049  0.04677996]
[-0.18671592  0.04385457]
[-0.14497929  0.04173663]
[-0.10550991  0.03946939]
[-0.06841632  0.03709358]
[-0.03477026  0.03364606]
[-0.00461062  0.03015965]
[0.02204927 0.02665989]
[0.04621462 0.02416535]
[0.06790397 0.02168934]
[0.086145   0.01824104]
[0.10096906 0.01482406]
[0.11440694 0.01343788]
[0.12649062 0.01208369]
[0.13725216 0.01076154]
[0.14572265 0.00847049]
[0.15092825 0.0052056 ]
[0.15288577 0.00195752]
[0.15360167 0.0007159 ]
[ 0.15307833 -0.00052334]
[ 0.14931402 -0.00376432]
[ 0.14229635 -0.00701767]
[ 0.13300304 -0.00929331]
[ 0.12240611 -0.01059693]
[ 0.11047586 -0.01193025]
[ 0.09518166 -0.0152942 ]
[ 0.07648869 -0.01869297]
[ 0.05436125 -0.02212744]
[ 0.02876698 -0.02559427]
[-0.00031798 -0.02908496]
[-0.03090294 -0.03058496]
[-0.06297717 -0.03207423]
[-0.09750691 -0.03452974]
[-0.13443045 -0.03692354]
[-0.17265343 -0.03822298]
[-0.21204848 -0.03939505]
[-0.25445451 -0.04240603]
[-0.29966683 -0.04521232]
[-0.34643513 -0.0467683 ]
[-0.39447048 -0.04803535]
[-0.44345025 -0.04897977]
[-0.49202536 -0.04857511]
[-0.53983692 -0.04781155]
[-0.58752673 -0.04768982]
[-0.63474002 -0.04721329]
[-0.68113511 -0.04639509]
[-0.72739218 -0.04625706]
[-0.77321425 -0.04582207]
[-0.81833433 -0.04512008]
[-0.86252088 -0.04418655]
[-0.9055814  -0.04306052]
[-0.94736417 -0.04178277]
[-0.98775824 -0.04039406]
[-1.02569194 -0.0379337 ]
[-1.06113084 -0.0354389 ]
[-1.09307193 -0.03194109]
[-1.12153665 -0.02846472]
[-1.14856329 -0.02702664]
[-1.17420464 -0.02564134]
[-1.19752527 -0.02332063]
[-1.2  0. ]
[-1.1987581  0.0012419]
[-1.19627021  0.0024879 ]
[-1.19052817  0.00574203]
[-1.18151372  0.00901446]
[-1.17019949  0.01131423]
[-1.15755355  0.01264594]
[-1.14354336  0.01401018]
[-1.12713689  0.01640648]
[-1.10930195  0.01783493]
[-1.08801029  0.02129167]
[-1.06323733  0.02477295]
[-1.03496728  0.02827006]
[-1.0031989   0.03176838]
[-0.96795227  0.03524663]
[-0.92927596  0.03867631]
[-0.88725446  0.0420215 ]
[-0.84301528  0.04423918]
[-0.79673063  0.04628465]
[-0.74761914  0.04911148]
[-0.69595116  0.05166798]
[-0.64304736  0.05290379]
[-0.58926675  0.05378061]
[-0.53499682  0.05426994]
[-0.48064141  0.05435541]
[-0.42660729  0.05403412]
[-0.37329039  0.0533169 ]
[-0.32006298  0.05322741]
[-0.26726899  0.05279399]
[-0.21521351  0.05205547]
[-0.16415483  0.05105868]
[-0.11629907  0.04785576]
[-0.06979269  0.04650638]
[-0.0247317   0.04506098]
[0.01683616 0.04156786]
[0.0549072  0.03807105]
[0.09151209 0.03660489]
[0.1267106  0.03519851]
[0.15958758 0.03287697]
[0.18924563 0.02965806]
[0.21579589 0.02655026]
[0.24135199 0.0255561 ]
[0.26503528 0.02368329]
[0.28696805 0.02193277]
[0.30627144 0.01930339]
[0.32305791 0.01678648]
[0.33942944 0.01637153]
[0.35548891 0.01605947]
[0.37034032 0.01485142]
[0.38408237 0.01374205]
[0.39580833 0.01172596]
[0.40559917 0.00979084]
[0.41552338 0.00992421]
[0.42565115 0.01012777]
[0.43505484 0.00940369]
[0.44380223 0.00874739]
[0.45095685 0.00715462]
[0.45657096 0.00561411]
[0.46268573 0.00611478]
[0.4693462  0.00666047]
[0.47560157 0.00625537]
[0.4814982  0.00589663]
[0.48607992 0.00458172]
[0.48938084 0.00330092]
[0.49342557 0.00404473]
[0.49824431 0.00481874]
[0.50287308 0.00462877]
----
[-0.40484103 -0.00087813]
[-0.40659111 -0.00175009]
[-0.41020085 -0.00360974]
[-0.41564476 -0.00544391]
[-0.42288425 -0.00723949]
[-0.42986765 -0.0069834 ]
[-0.43654481 -0.00667716]
[-0.44386748 -0.00732267]
[-0.45178244 -0.00791497]
[-0.46123188 -0.00944943]
[-0.47214634 -0.01091446]
[-0.48444516 -0.01229882]
[-0.49603696 -0.0115918 ]
[-0.50683523 -0.01079828]
[-0.51775919 -0.01092395]
[-0.52872693 -0.01096775]
[-0.54065622 -0.01192929]
[-0.55245763 -0.01180141]
[-0.56404287 -0.01158524]
[-0.57432552 -0.01028265]
[-0.58322919 -0.00890367]
[-0.59268801 -0.00945882]
[-0.60263237 -0.00994436]
[-0.61198951 -0.00935714]
[-0.62069146 -0.00870195]
[-0.62867548 -0.00798401]
[-0.6348844  -0.00620892]
[-0.6392741 -0.0043897]
[-0.64381354 -0.00453944]
[-0.64847079 -0.00465725]
[-0.65121326 -0.00274246]
[-0.65302182 -0.00180856]
[-0.65388391 -0.0008621 ]
[-0.65279356  0.00109035]
[-0.65175833  0.00103524]
[-0.6507854   0.00097292]
[-0.64788156  0.00290385]
[-0.64306704  0.00481452]
[-0.63737556  0.00569147]
[-0.62984724  0.00752832]
[-0.62053547  0.00931176]
[-0.60950689  0.01102858]
[-0.5988411   0.01066579]
[-0.58661578  0.01222532]
[-0.57292064  0.01369514]
[-0.55885693  0.01406371]
[-0.54452928  0.01432765]
[-0.52904476  0.01548453]
[-0.51251939  0.01652537]
[-0.4950771   0.01744229]
[-0.47884846  0.01622864]
[-0.46395445  0.01489402]
[-0.44950538  0.01444907]
[-0.43560745  0.01389793]
[-0.42136181  0.01424563]
[-0.40687099  0.01449082]
[-0.39223784  0.01463315]
[-0.3795646   0.01267324]
[-0.36893831  0.01062629]
[-0.3594308   0.00950751]
[-0.35110537  0.00832543]
[-0.34301667  0.0080887 ]
[-0.33721706  0.00579961]
[-0.3337436   0.00347346]
[-0.3326183   0.00112529]
[-0.33184827  0.00077003]
[-0.33143836  0.00040992]
[-3.31391134e-01  4.72219222e-05]
[-0.3327069  -0.00131577]
[-0.33537738 -0.00267047]
[-0.33938568 -0.00400831]
[-0.34570633 -0.00632064]
[-0.35429873 -0.0085924 ]
[-0.36310699 -0.00880826]
[-0.37207297 -0.00896598]
[-0.38213665 -0.01006368]
[-0.39322974 -0.01109309]
[-0.40627586 -0.01304612]
[-0.42118384 -0.01490799]
[-0.43784791 -0.01666407]
[-0.45514804 -0.01730013]
[-0.47295796 -0.01780991]
[-0.49114621 -0.01818826]
[-0.51057748 -0.01943127]
[-0.53110638 -0.0205289 ]
[-0.55057898 -0.0194726 ]
[-0.56984945 -0.01927047]
[-0.58877415 -0.0189247 ]
[-0.60821315 -0.01943899]
[-0.62802433 -0.01981118]
[-0.64706507 -0.01904074]
[-0.66520083 -0.01813577]
[-0.68330624 -0.01810541]
[-0.70125915 -0.01795291]
[-0.7169418  -0.01568265]
[-0.73025432 -0.01331253]
[-0.74211433 -0.01186001]
[-0.75245036 -0.01033603]
[-0.76220169 -0.00975134]
[-0.77131246 -0.00911077]
[-0.77873171 -0.00741926]
[-0.78441891 -0.00568719]
[-0.78734354 -0.00292463]
[-0.78949011 -0.00214657]
[-7.89847350e-01 -3.57239897e-04]
[-0.78841339  0.00143396]
[-0.78419574  0.00421765]
[-0.77721671  0.00697903]
[-0.76851383  0.00870288]
[-0.75913496  0.00937887]
[-0.74913294  0.01000202]
[-0.73656555  0.01256739]
[-0.72150738  0.01505817]
[-0.70505058  0.0164568 ]
[-0.68729911  0.01775147]
[-0.66836865  0.01893046]
[-0.64838622  0.01998242]
[-0.6284896   0.01989662]
[-0.60881922  0.01967038]
[-0.58751662  0.0213026 ]
[-0.56473757  0.02277905]
[-0.54165077  0.02308681]
[-0.51842864  0.02322213]
[-0.49524528  0.02318336]
[-0.47327432  0.02197096]
[-0.45067936  0.02259496]
[-0.42762695  0.02305242]
[-0.40528442  0.02234253]
[-0.38381073  0.02147369]
[-0.36335499  0.02045574]
[-0.34305532  0.02029967]
[-0.32304449  0.02001083]
[-0.30444869  0.0185958 ]
[-0.28738064  0.01706805]
[-0.27193962  0.01544102]
[-0.25921179  0.01272784]
[-0.24926539  0.0099464 ]
[-0.24215196  0.00711343]
[-0.23590737  0.00624459]
[-0.23056239  0.00534498]
[-0.22814284  0.00241955]
[-0.22866023 -0.0005174 ]
[-0.23211213 -0.00345189]
[-0.23648201 -0.00436989]
[-0.24174871 -0.00526669]
[-0.24888624 -0.00713753]
[-0.25885868 -0.00997244]
[-0.27161441 -0.01275573]
[-0.2850851  -0.01347069]
[-0.29919586 -0.01411075]
[-0.31386535 -0.0146695 ]
[-0.3300061  -0.01614074]
[-0.34751853 -0.01751243]
[-0.365291   -0.01777247]
[-0.38320664 -0.01791564]
[-0.40314437 -0.01993773]
[-0.42496597 -0.0218216 ]
[-0.44851657 -0.0235506 ]
[-0.47262554 -0.02410897]
[-0.49711532 -0.02448978]
[-0.52180352 -0.0246882 ]
[-0.54750518 -0.02570166]
[-0.5720277  -0.02452252]
[-0.59518827 -0.02316058]
[-0.61881604 -0.02362777]
[-0.64273936 -0.02392332]
[-0.66578803 -0.02304867]
[-0.68780232 -0.02201429]
[-0.70963429 -0.02183197]
[-0.73114232 -0.02150802]
[-0.7501924  -0.01905009]
[-0.76667093 -0.01647853]
[-0.78248375 -0.01581282]
[-0.79754432 -0.01506057]
[-0.8117739  -0.01422958]
[-0.82510151 -0.01332761]
[-0.83646382 -0.01136231]
[-0.8448093  -0.00834549]
[-0.85010162 -0.00529231]
[-0.85331837 -0.00321675]
[-0.85444622 -0.00112784]
[-8.54480514e-01 -3.42984516e-05]
[-0.85342113  0.00105939]
[-0.84927241  0.00414872]
[-0.8420516   0.00722081]
[-0.83178949  0.01026211]
[-0.81853147  0.01325802]
[-0.80333899  0.01519248]
[-0.7862862   0.01705279]
[-0.76846094  0.01782526]
[-0.74795997  0.02050096]
[-0.72490051  0.02305946]
[-0.6994214   0.02547912]
[-0.67268391  0.02673748]
[-0.6458652   0.02681871]
[-0.61914991  0.02671529]
[-0.59072776  0.02842215]
[-0.56080554  0.02992222]
[-0.53160485  0.02920069]
[-0.50334412  0.02826073]
[-0.47623521  0.02710891]
[-0.44948033  0.02675488]
[-0.42327677  0.02620356]
[-0.39881431  0.02446245]
[-0.37626604  0.02254828]
[-0.35378712  0.02247891]
[-0.33152742  0.0222597 ]
[-0.30962985  0.02189757]
[-0.2882291   0.02140076]
[-0.26845053  0.01977856]
[-0.25040411  0.01804642]
[-0.23418485  0.01621926]
[-0.21987357  0.01431128]
[-0.20653785  0.01333572]
[-0.19423739  0.01230046]
[-0.18402436  0.01021303]
[-0.17593993  0.00808443]
[-0.17001527  0.00592466]
[-0.16627242  0.00374286]
[-0.16572493  0.00054748]
[-0.16837478 -0.00264985]
[-0.17421242 -0.00583764]
[-0.18321632 -0.0090039 ]
[-0.19435199 -0.01113567]
[-0.20757462 -0.01322263]
[-0.22382798 -0.01625336]
[-0.24303859 -0.01921061]
[-0.26311361 -0.02007502]
[-0.28394942 -0.0208358 ]
[-0.3074317  -0.02348229]
[-0.33342397 -0.02599227]
[-0.36076642 -0.02734245]
[-0.38928212 -0.0285157 ]
[-0.41877816 -0.02949603]
[-0.44804746 -0.0292693 ]
[-0.47687855 -0.02883109]
[-0.5070589  -0.03018035]
[-0.53836324 -0.03130435]
[-0.56955689 -0.03119365]
[-0.60040694 -0.03085005]
[-0.62968602 -0.02927908]
[-0.65718281 -0.02749679]
[-0.68370432 -0.02652151]
[-0.70907068 -0.02536636]
[-0.73311667 -0.02404599]
[-0.75569273 -0.02257606]
[-0.77766536 -0.02197263]
[-0.79891171 -0.02124635]
[-0.81932009 -0.02040839]
[-0.83679027 -0.01747018]
[-0.85124218 -0.01445191]
[-0.86361377 -0.01237159]
[-0.87385503 -0.01024126]
[-0.88292679 -0.00907175]
[-0.89079602 -0.00786924]
[-0.89743544 -0.00663942]
[-0.90082296 -0.00338752]
[-9.00947672e-01 -1.24711312e-04]
[-0.89880917  0.0021385 ]
[-0.89441433  0.00439485]
[-0.88777752  0.00663681]
[-0.87992122  0.0078563 ]
[-0.87087316  0.00904806]
[-0.85966679  0.01120637]
[-0.84634573  0.01332106]
[-0.82996494  0.01638079]
[-0.81059652  0.01936842]
[-0.78933187  0.02126465]
[-0.76627871  0.02305316]
[-0.74156204  0.02471667]
[-0.71532467  0.02623737]
[-0.68672733  0.02859733]
[-0.6559548   0.03077254]
[-0.62421547  0.03173933]
[-0.59173292  0.03248255]
[-0.55774291  0.03399   ]
[-0.52249728  0.03524564]
[-0.4862599   0.03623738]
[-0.44930198  0.03695792]
[-0.41389669  0.0354053 ]
[-0.38029939  0.0335973 ]
[-0.34774403  0.03255536]
[-0.31644725  0.03129678]
[-0.28560601  0.03084123]
[-0.25540189  0.03020412]
[-0.22799914  0.02740275]
[-0.20353402  0.02446512]
[-0.18211715  0.02141686]
[-0.16383636  0.0182808 ]
[-0.14875961  0.01507675]
[-0.13493801  0.0138216 ]
[-0.12241436  0.01252366]
[-0.113224    0.00919036]
[-0.10739081  0.0058332 ]
[-0.10392899  0.00346182]
[-0.10184663  0.00208235]
[-0.10114849  0.00069814]
[-0.10183613 -0.00068764]
[-0.104908   -0.00307188]
[-0.11135708 -0.00644908]
[-0.12116795 -0.00981087]
[-0.13231546 -0.01114751]
[-0.14476859 -0.01245312]
[-0.15948962 -0.01472103]
[-0.1764299  -0.01694028]
[-0.1955281 -0.0190982]
[-0.21670838 -0.02118029]
[-0.23887869 -0.02217031]
[-0.26193405 -0.02305536]
[-0.28775646 -0.02582241]
[-0.31620376 -0.0284473 ]
[-0.34710809 -0.03090433]
[-0.37927512 -0.03216703]
[-0.41249106 -0.03321595]
[-0.44752498 -0.03503391]
[-0.4841245  -0.03659953]
[-0.52201939 -0.03789489]
[-0.55892613 -0.03690674]
[-0.5945684  -0.03564228]
[-0.63068242 -0.03611402]
[-0.66700705 -0.03632463]
[-0.703289   -0.03628194]
[-0.73728759 -0.0339986 ]
[-0.76979107 -0.03250347]
[-0.80061145 -0.03082038]
[-0.83058525 -0.0299738 ]
[-0.85956859 -0.02898335]
[-0.88743764 -0.02786905]
[-0.91408838 -0.02665073]
[-0.9394358  -0.02534743]
[-0.96141274 -0.02197693]
[-0.980972   -0.01955927]
[-0.99808045 -0.01710844]
[-1.01371598 -0.01563554]
[-1.02786412 -0.01414814]
[-1.04051646 -0.01265234]
[-1.0506693  -0.01015284]
[-1.05732228 -0.00665298]
[-1.06047642 -0.00315413]
[-1.06013253e+00  3.43884661e-04]
[-1.05729053  0.002842  ]
[-1.05194967  0.00534086]
[-1.04310907  0.0088406 ]
[-1.03076865  0.01234041]
[-1.01693128  0.01383738]
[-1.00160419  0.01532708]
[-0.98480046  0.01680373]
[-0.96654041  0.01826006]
[-0.94585318  0.02068723]
[-0.92278061  0.02307257]
[-0.89838018  0.02440044]
[-0.87272478  0.0256554 ]
[-0.84590409  0.02682069]
[-0.81602556  0.02987853]
[-0.78322452  0.03280104]
[-0.74766728  0.03555724]
[-0.71155325  0.03611403]
[-0.67510309  0.03645016]
[-0.63755536  0.03754773]
[-0.59816951  0.03938585]
[-0.55722904  0.04094048]
[-0.51603676  0.04119228]
[-0.4749012   0.04113557]
[-0.43312956  0.04177163]
[-0.39102815  0.04210141]
[-0.34889502  0.04213314]
[-0.30701299  0.04188203]
[-0.26664344  0.04036954]
[-0.22801579  0.03862765]
[-0.19032569  0.0376901 ]
[-0.15373902  0.03658667]
[-0.11939114  0.03434789]
[-0.0873846   0.03200654]
[-0.05679264  0.03059196]
[-0.02766449  0.02912815]
[-2.77291647e-05  2.76367585e-02]
[0.02610903 0.02613676]
[0.05075345 0.02464442]
[0.0719268  0.02117335]
[0.09065812 0.01873132]
[0.10698134 0.01632322]
[0.12193221 0.01495087]
[0.13554848 0.01361627]
[0.14686863 0.01132014]
[0.15592753 0.00905891]
[0.16175502 0.00582748]
[0.16437112 0.0026161 ]
[0.16578507 0.00141395]
[0.16600189 0.00021683]
[ 0.16402238 -0.00197952]
[ 0.15983947 -0.00418291]
[ 0.15343851 -0.00640095]
[ 0.14479778 -0.00864073]
[ 0.13288923 -0.01190855]
[ 0.11867673 -0.0142125 ]
[ 0.10212102 -0.01655572]
[ 0.08418171 -0.01793931]
[ 0.0648217  -0.01936001]
[ 0.04300882 -0.02181288]
[ 0.01771671 -0.0252921 ]
[-0.01107186 -0.02878857]
[-0.04335906 -0.03228719]
[-0.07912513 -0.03576607]
[-0.1163211  -0.03719597]
[-0.15486639 -0.03854529]
[-0.19564668 -0.04078029]
[-0.23850857 -0.04286189]
[-0.28225734 -0.04374876]
[-0.32666211 -0.04440477]
[-0.37345947 -0.04679736]
[-0.42234518 -0.04888571]
[-0.47297867 -0.05063349]
[-0.52499036 -0.05201168]
[-0.5769916  -0.05200125]
[-0.62859412 -0.05160251]
[-0.67942212 -0.050828  ]
[-0.72912355 -0.04970143]
[-0.77737937 -0.04825582]
[-0.82391046 -0.04653109]
[-0.86748177 -0.04357132]
[-0.90790773 -0.04042595]
[-0.94604879 -0.03814106]
[-0.98280407 -0.03675528]
[-1.01810585 -0.03530178]
[-1.05191715 -0.0338113 ]
[-1.0842287  -0.03231155]
[-1.11305567 -0.02882696]
[-1.13843126 -0.0253756 ]
[-1.16239992 -0.02396865]
[-1.1850164  -0.02261648]
[-1.2  0. ]
[-1.1987581  0.0012419]
[-1.19627021  0.0024879 ]
[-1.19152817  0.00474203]
[-1.18451685  0.00701132]
[-1.17421469  0.01030217]
[-1.16059184  0.01362285]
[-1.14461225  0.01597958]
[-1.12623867  0.01837358]
[-1.10643504  0.01980363]
[-1.08517079  0.02126426]
[-1.06142274  0.02374805]
[-1.03517696  0.02624577]
[-1.00543281  0.02974415]
[-0.97220826  0.03322455]
[-0.93654671  0.03566155]
[-0.89852163  0.03802507]
[-0.85724114  0.04128049]
[-0.81285572  0.04438542]
[-0.76556307  0.04729265]
[-0.71661092  0.04895216]
[-0.66529072  0.0513202 ]
[-0.61393954  0.05135117]
[-0.56291908  0.05102047]
[-0.51260439  0.05031468]
[-0.46337215  0.04923224]
[-0.41558916  0.047783  ]
[-0.36960213  0.04598702]
[-0.32572943  0.0438727 ]
[-0.28225512  0.04347431]
[-0.23943684  0.04281829]
[-0.19950085  0.03993599]
[-0.16263031  0.03687054]
[-0.12796808  0.03466223]
[-0.09562387  0.03234421]
[-0.0656775   0.02994637]
[-0.03818276  0.02749474]
[-0.01317163  0.02501113]
[0.00834144 0.02151308]
[0.0283553  0.02001386]
[0.0468782 0.0185229]
[0.06192578 0.01504758]
[0.07351638 0.0115906 ]
[0.08166754 0.00815116]
[0.08839335 0.00672581]
[0.09370655 0.0053132 ]
[0.09561789 0.00191134]
[ 0.09413138 -0.00148651]
[ 0.08924389 -0.00488749]
[ 0.08294547 -0.00629842]
[ 0.07522405 -0.00772142]
[ 0.06406602 -0.01115803]
[ 0.04945403 -0.014612  ]
[ 0.03236949 -0.01708453]
[ 0.01279674 -0.01957275]
[-0.01027418 -0.02307091]
[-0.0368439  -0.02656973]
[-0.06689837 -0.03005447]
[-0.10040266 -0.03350429]
[-0.1372944  -0.03689174]
[-0.17747706 -0.04018266]
[-0.22081365 -0.0433366 ]
[-0.26712148 -0.04630783]
[-0.31516863 -0.04804715]
[-0.36467911 -0.04951048]
[-0.41533685 -0.05065774]
[-0.46779235 -0.0524555 ]
[-0.52166444 -0.0538721 ]
[-0.57655105 -0.0548866 ]
[-0.63204217 -0.05549113]
[-0.68773425 -0.05569207]
[-0.74324445 -0.05551021]
[-0.79622397 -0.05297951]
[-0.84637924 -0.05015528]
[-0.89547465 -0.04909541]
[-0.9433246  -0.04784994]
[-0.98979494 -0.04647035]
[-1.03380226 -0.04400732]
[-1.07431161 -0.04050934]
[-1.11132921 -0.03701761]
[-1.14589295 -0.03456374]
[-1.17806547 -0.03217252]
[-1.2  0. ]
[-1.1967581  0.0032419]
[-1.19226366  0.00449445]
[-1.18650225  0.00576141]
[-1.17845599  0.00804626]
[-1.16810107  0.01035492]
[-1.1544088   0.01369227]
[-1.13734473  0.01706407]
[-1.11687153  0.0204732 ]
[-1.09295274  0.02391879]
[-1.06555746  0.02739527]
[-1.03666598  0.02889148]
[-1.00627575  0.03039023]
[-0.97240433  0.03387142]
[-0.93509558  0.03730875]
[-0.89642688  0.0386687 ]
[-0.85650958  0.0399173 ]
[-0.81449032  0.04201926]
[-0.77055593  0.04393439]
[-0.72393422  0.04662172]
[-0.67489882  0.0490354 ]
[-0.62376724  0.05113158]
[-0.57089565  0.05287159]
[-0.51667052  0.05422513]
[-0.46149735  0.05517317]
[-0.40678725  0.0547101 ]
[-0.35293541  0.05385183]
[-0.30030836  0.05262705]
[-0.24923352  0.05107484]
[-0.19999182  0.0492417 ]
[-0.15181349  0.04817833]
[-0.10488033  0.04693316]
[-0.05932444  0.04555589]
[-0.01522906  0.04409538]
[0.02636893 0.04159799]
[0.06447474 0.03810581]
[0.09912717 0.03465243]
[0.13238933 0.03326216]
[0.16434609 0.03195676]
[0.1941006  0.02975451]
[0.22176711 0.02766652]
[0.2484668  0.02669969]
[0.27432945 0.02586265]
[0.29949202 0.02516256]
[0.32209757 0.02260556]
[0.34228224 0.02018467]
[0.36017312 0.01789087]
[0.37788682 0.0177137 ]
[0.39554215 0.01765533]
[0.41226051 0.01671836]
[0.42815927 0.01589876]
[0.44235197 0.0141927 ]
[0.45494134 0.01258937]
[0.46801941 0.01307807]
[0.48168257 0.01366316]
[0.49403218 0.01234961]
[0.50516033 0.01112815]
----
